60 86 80 80 90 51 70 70 287 0.20
60 60 80 115 90 90 70 40 305 1.20
60 34 80 45 90 129 70 100 308 150.00
60 86 80 115 90 51 70 40 292 -60.00
60 34 80 45 90 129 70 100 308 150.00
70 41 90 53 100 141 80 113 348 13.00
70 99 90 90 100 59 80 80 328 -29.20
70 70 90 127 100 100 80 47 344 -41.25
70 102 90 131 100 55 80 44 332 -6.38
70 38 90 49 100 145 80 116 348 163.64
80 49 100 61 110 153 90 125 388 7.76
80 111 100 139 110 67 90 55 372 -56.00
80 118 100 100 110 58 90 90 366 63.64
80 80 100 148 110 110 90 47 385 -47.78
80 42 100 52 110 162 90 133 389 182.98
90 57 110 70 120 164 100 137 428 3.01
90 123 110 150 120 76 100 63 412 -54.01
90 45 110 55 120 180 100 150 430 138.10
90 135 110 110 120 60 100 100 405 -33.33
90 90 110 165 120 120 100 50 425 -50.00