60 86 80 80 90 51 70 70 287 0.20
60 60 80 115 90 90 70 40 305 1.20
60 34 80 45 90 129 70 100 308 150.00
60 86 80 115 90 51 70 40 292 -60.00
60 34 80 45 90 129 70 100 308 150.00
70 41 90 53 100 141 80 113 348 13.00
70 99 90 90 100 59 80 80 328 -29.20
70 70 90 127 100 100 80 47 344 -41.25
70 102 90 131 100 55 80 44 332 -6.38
70 38 90 49 100 145 80 116 348 163.64
80 49 100 61 110 153 90 125 388 7.76
80 111 100 139 110 67 90 55 372 -56.00
80 118 100 100 110 58 90 90 366 63.64
80 80 100 148 110 110 90 47 385 -47.78
80 42 100 52 110 162 90 133 389 182.98
65 41 85 54 95 130 75 103 328 -22.56
65 89 85 116 95 60 75 47 312 -54.37
65 33 85 43 95 142 75 112 330 138.30
65 97 85 85 95 48 75 75 305 -33.04
65 65 85 127 95 95 75 38 325 -49.33