60 86 80 80 90 51 70 70 14350 0.20
60 60 80 115 90 90 70 40 15250 6.27
60 34 80 45 90 129 70 100 15400 0.98
60 86 80 115 90 51 70 40 14600 -5.19
60 34 80 45 90 129 70 100 15400 5.48
70 41 90 53 100 141 80 113 17400 12.99
70 99 90 90 100 59 80 80 16400 -5.75
70 70 90 127 100 100 80 47 17200 4.88
70 102 90 131 100 55 80 44 16600 -3.49
70 38 90 49 100 145 80 116 17400 4.82
80 49 100 61 110 153 90 125 19400 11.49
80 111 100 139 110 67 90 55 18600 -4.12
80 118 100 100 110 58 90 90 18300 -1.61
80 80 100 148 110 110 90 47 19250 5.19
80 42 100 52 110 162 90 133 19450 1.04
65 41 85 54 95 130 75 103 16400 -15.68
65 89 85 116 95 60 75 47 15600 -4.88
65 33 85 43 95 142 75 112 16500 5.77
65 97 85 85 95 48 75 75 15250 -7.58
65 65 85 127 95 95 75 38 16250 6.56